r1()
r2()
r3()
r4()
r5()
r6()
s1(8,28,3,1,0,0,0,1,r2)
s2(8,29,3,1,1,1,0,1,r2)
s3(8,27,3,1,0,1,1,1,r2)
s4(11,28,4,1,1,0,1,0,r3)
s5(15,28,1,1,0,1,0,0,r3)
s6(15,27,1,4,0,1,0,1,r3)
s7(15,32,1,4,0,1,0,1,r3)
s8(15,23,1,1,0,0,0,0,r3)
s9(11,23,4,1,1,0,1,0,r3)
s10(16,23,3,1,1,0,1,0,r3)
s11(15,22,1,4,0,1,0,1,r3)
s12(2,23,9,1,0,0,0,1,r4)
s13(2,25,9,2,1,1,0,1,r4)
s14(2,22,9,3,0,1,1,1,r4)
s15(12,18,3,13,1,0,1,1,r6)
s16(15,18,1,13,0,0,1,0,r6)
s17(16,18,3,13,1,1,1,0,r6)
s18(19,25,4,2,1,0,0,1,r5)
s19(19,23,4,1,0,0,0,0,r5)
s20(19,22,4,2,0,0,1,1,r5)
s21(23,25,2,2,1,1,0,0,r5)
s22(23,23,2,1,0,1,0,0,r5)
s23(23,22,2,2,0,1,0,0,r5)
s24(23,20,2,5,0,1,0,1,r5)
s25(23,15,2,2,0,0,1,1,r5)
s26(25,15,3,2,1,0,1,0,r5)
s27(28,18,5,3,1,1,0,1,r5)
s28(28,15,5,2,0,1,0,0,r5)
s29(28,13,5,3,0,1,1,1,r5)
s30(7,42,2,5,1,0,0,1,r1)
s31(9,42,1,5,1,0,1,0,r1)
s32(10,42,2,5,1,0,0,0,r1)
s33(12,42,1,5,1,0,1,0,r1)
s34(13,42,2,5,1,0,0,0,r1)
s35(15,42,1,5,1,0,1,0,r1)
s36(16,42,2,5,1,0,0,0,r1)
s37(18,42,1,5,1,0,1,0,r1)
s38(19,42,2,5,1,0,0,0,r1)
s39(21,42,1,5,1,0,1,0,r1)
s40(22,42,2,5,1,1,0,0,r1)
s41(7,37,2,3,0,1,0,1,r1)
s42(10,37,2,3,0,1,0,1,r1)
s43(13,37,2,3,0,1,0,1,r1)
s44(16,37,2,3,0,1,0,1,r1)
s45(19,37,2,3,0,1,0,1,r1)
s46(22,37,2,3,0,1,0,1,r1)
s47(7,34,2,2,0,0,1,1,r1)
s48(9,34,1,2,1,0,1,0,r1)
s49(10,34,2,2,0,0,1,0,r1)
s50(12,34,1,2,1,0,1,0,r1)
s51(13,34,2,2,0,0,1,0,r1)
s52(15,34,1,2,1,0,0,0,r1)
s53(16,34,2,2,0,0,1,0,r1)
s54(18,34,1,2,1,0,1,0,r1)
s55(19,34,2,2,0,0,1,0,r1)
s56(21,34,1,2,1,0,1,0,r1)
s57(22,34,2,2,0,1,1,0,r1)
d1(11,22,11,23,r4,r3)
d2(16,18,15,18,r3,r6)
d3(19,22,19,23,r3,r5)
d4(11,27,11,28,r2,r3)
d5(15,32,16,32,r1,r3)
p(9.5,27.5,0,r2)
