w1(9,26,12,26)
w2(12,26,12,27)
w3(12,28,12,29)
w4(12,29,9,29)
w5(9,29,9,26)
w6(12,27,16,27)
w7(16,28,12,28)
w8(17,27,17,28)
w9(16,27,16,23)
w10(17,23,17,27)
w11(17,28,17,32)
w12(16,32,16,28)
w13(16,23,12,23)
w14(12,22,16,22)
w15(20,23,17,23)
w16(17,22,20,22)
w17(17,18,17,22)
w18(16,22,16,18)
w19(16,18,13,18)
w20(13,18,13,5)
w21(13,5,20,5)
w22(20,5,20,18)
w23(20,18,17,18)
w24(12,23,12,25)
w25(12,25,3,25)
w26(3,25,3,19)
w27(3,19,12,19)
w28(12,19,12,22)
w29(20,22,20,20)
w30(20,20,24,20)
w31(24,20,24,13)
w32(24,13,29,13)
w33(29,13,29,10)
w34(29,10,34,10)
w35(34,10,34,18)
w36(34,18,29,18)
w42(29,18,29,15)
w37(29,15,26,15)
w38(26,15,26,20)
w39(26,20,26,25)
w40(26,25,20,25)
w41(20,25,20,23)
w43(17,32,25,32)
w44(25,32,25,42)
w45(25,42,8,42)
w46(8,42,8,32)
w47(8,32,16,32)
w48(23,34,22,34)
w49(22,34,22,37)
w50(22,37,23,37)
w51(23,37,23,34)
w52(20,34,19,34)
w53(19,34,19,37)
w54(19,37,20,37)
w55(20,37,20,34)
w56(17,34,16,34)
w57(16,34,16,37)
w58(16,37,17,37)
w59(17,37,17,34)
w60(14,34,13,34)
w61(13,34,13,37)
w62(13,37,14,37)
w63(14,37,14,34)
w64(11,34,10,34)
w65(10,34,10,37)
w66(10,37,11,37)
w67(11,37,11,34)
p(10.5,27.5,0)
